2 225.796 3438.88 451.426 595.706 0.908922
0 287.647 3709.8 575.294 232.534 0.305783
2 819.841 3347.63 815.507 792.883 0.915646
2 1080.45 3691.48 576.307 256.752 0.344664
1 1098.67 3692.9 547.613 255.344 0.622178
1 1369.94 1835.99 1388.55 1345.35 0.396224
2 1374.88 1830.01 1388.23 1345.46 0.617535
0 1743.66 3032.25 1192.51 1163.4 0.937156
2 2002.1 2468.34 596.108 442.263 0.371518
2 2680.62 1892.53 1113.56 1033.3 0.93438
0 2713.8 2900.6 1172.57 1156.87 0.922602
0 4478.39 2479.53 1196.82 1229.51 0.908075
2 4614.56 365.925 872.548 715.574 0.889359
0 5109.87 3224.25 1249.21 1170.94 0.90384
2 5174.46 1759.27 1144.9 1121.79 0.942935
2 5502.19 2601.61 495.627 1492.36 0.498069
2 5574.73 2672.61 350.546 1573.07 0.477308
