2 0.0352545 0.506378 0.0697783 0.206345 0.298535
0 0.0485682 0.0999844 0.0960129 0.199969 0.49931
0 0.0527809 0.311772 0.104539 0.297997 0.451872
2 0.140205 0.276487 0.157778 0.241306 0.86771
2 0.140582 0.477275 0.155217 0.228247 0.761745
0 0.141398 0.475793 0.154517 0.227541 0.344779
2 0.379353 0.426901 0.097137 0.122346 0.470761
1 0.394243 0.508247 0.132972 0.193817 0.852149
0 0.436989 0.286473 0.121052 0.104094 0.631527
2 0.579805 0.324507 0.153479 0.23804 0.829269
0 0.580847 0.521419 0.157114 0.226673 0.662387
2 0.581496 0.522037 0.15592 0.227389 0.411805
1 0.602139 0.7055 0.147709 0.213775 0.7968
2 0.67105 0.54081 0.144046 0.240718 0.390595
1 0.686628 0.804109 0.127608 0.197552 0.888969
0 0.691966 0.370507 0.139713 0.237858 0.453494
0 0.692809 0.131865 0.152212 0.222175 0.749848
2 0.698111 0.567601 0.0844158 0.169605 0.390937
1 0.77044 0.785523 0.107981 0.169452 0.315543
2 0.885577 0.455015 0.144583 0.225742 0.831365
0 0.888632 0.631403 0.148221 0.216573 0.535287
2 0.890226 0.631212 0.150299 0.220944 0.53486
1 0.90722 0.804317 0.135091 0.204274 0.826911
0 0.960752 0.508109 0.0778723 0.244225 0.499868
0 0.960797 0.283405 0.0778416 0.210431 0.626181
1 0.963719 0.895215 0.0720198 0.186537 0.892643
0 0.972249 0.502344 0.0552795 0.236083 0.334288
