2 0.0392689 0.898113 0.0785089 0.155577 0.908922
0 0.0500255 0.968869 0.100051 0.0607296 0.305783
2 0.142581 0.874284 0.141827 0.207073 0.915646
2 0.187905 0.964086 0.100227 0.0670545 0.344664
1 0.191073 0.964456 0.0952371 0.0666869 0.622178
1 0.23825 0.479496 0.241487 0.351357 0.396224
2 0.23911 0.477935 0.241431 0.351388 0.617535
0 0.303245 0.791918 0.207393 0.303838 0.937156
2 0.348191 0.644645 0.103671 0.115504 0.371518
2 0.466195 0.494262 0.193663 0.269861 0.93438
0 0.471965 0.757536 0.203924 0.302134 0.922602
0 0.77885 0.647565 0.208142 0.321105 0.908075
2 0.802533 0.0955668 0.151748 0.186883 0.889359
0 0.888674 0.842061 0.217253 0.305808 0.90384
2 0.899905 0.45946 0.199114 0.292973 0.942935
2 0.956902 0.67945 0.086196 0.389752 0.498069
2 0.969518 0.697993 0.0609646 0.41083 0.477308
