2 10.1167 95.3866 20.1915 102.567 0.574332
2 11.4411 40.603 22.8343 81.206 0.525482
0 21.9824 158.976 43.9647 59.558 0.382678
1 41.4611 131.844 82.4404 79.5648 0.879687
1 51.7153 64.5867 99.0881 79.1564 0.731453
2 52.9478 19.5228 105.817 38.518 0.769671
0 61.1032 199.803 72.7851 67.5349 0.720502
2 114.413 320.507 89.4788 58.9865 0.689236
2 158.274 233.123 129.745 93.973 0.787232
1 159.207 302.216 124.848 95.5673 0.920191
2 163.633 48.8179 111.366 97.4873 0.881917
2 168.685 141.555 145.157 117.776 0.622941
2 200.806 140.947 211.111 123.117 0.468663
2 251.365 78.9848 119.333 130.201 0.851302
2 253.4 191.272 128.025 126.344 0.757267
1 257.428 286.839 128.006 115.872 0.878741
