2 0.0289049 0.272533 0.0576901 0.293048 0.574332
2 0.0326887 0.116009 0.0652408 0.232017 0.525482
0 0.0628068 0.454217 0.125614 0.170166 0.382678
1 0.11846 0.376697 0.235544 0.227328 0.879687
1 0.147758 0.184533 0.283109 0.226161 0.731453
2 0.15128 0.0557793 0.302333 0.110051 0.769671
0 0.174581 0.570864 0.207958 0.192957 0.720502
2 0.326893 0.915734 0.255654 0.168533 0.689236
2 0.452212 0.666064 0.370701 0.268494 0.787232
1 0.454877 0.863475 0.35671 0.273049 0.920191
2 0.467523 0.13948 0.318189 0.278535 0.881917
2 0.481957 0.404444 0.414733 0.336502 0.622941
2 0.573731 0.402707 0.603173 0.351764 0.468663
2 0.718184 0.225671 0.340952 0.372004 0.851302
2 0.723999 0.546492 0.365786 0.360983 0.757267
1 0.735507 0.819541 0.365731 0.331062 0.878741
